10 10
0 (21,1) (71,6) (16,9) (52,8) (26,7) (34,2) (53,0) (21,4) (55,3) (95,5)
1 (55,4) (31,2) (98,5) (79,9) (12,0) (66,7) (42,1) (77,8) (77,6) (39,3)
2 (34,3) (64,2) (62,8) (19,1) (92,4) (79,9) (43,7) (54,6) (83,0) (37,5)
3 (87,1) (69,3) (87,2) (38,7) (24,8) (83,9) (41,6) (93,0) (77,5) (60,4)
4 (98,2) (44,0) (25,5) (75,6) (43,7) (49,1) (96,4) (77,9) (17,3) (79,8)
5 (35,2) (76,3) (28,5) (10,9) (61,4) (9,6) (95,0) (35,8) (7,1) (95,7)
6 (16,3) (59,2) (46,0) (91,1) (43,9) (50,8) (52,6) (59,5) (28,4) (27,7)
7 (45,1) (87,0) (41,3) (20,4) (54,6) (43,9) (14,8) (9,5) (39,2) (71,7)
8 (33,4) (37,2) (66,8) (33,5) (26,3) (8,7) (28,1) (89,6) (42,9) (78,0)
9 (69,8) (81,9) (94,2) (96,4) (27,3) (69,0) (45,7) (78,6) (74,1) (84,5)
-1
