15 5
0 (21,1) (34,2) (95,4) (53,0) (55,3)
1 (52,3) (16,4) (71,1) (26,2) (21,0)
2 (31,2) (12,0) (42,1) (39,3) (98,4)
3 (77,3) (77,1) (79,4) (55,0) (66,2)
4 (37,4) (34,3) (64,2) (19,1) (83,0)
5 (43,2) (54,1) (92,0) (62,3) (79,4)
6 (93,0) (69,3) (87,1) (77,4) (87,2)
7 (60,0) (41,1) (38,2) (83,4) (24,3)
8 (98,2) (17,3) (25,4) (44,0) (49,1)
9 (96,0) (77,4) (79,3) (75,1) (43,2)
10 (28,4) (35,2) (95,0) (76,3) (7,1)
11 (61,0) (10,4) (95,2) (9,1) (35,3)
12 (59,4) (16,3) (91,1) (59,2) (46,0)
13 (43,4) (52,1) (28,0) (27,2) (50,3)
14 (87,0) (45,1) (39,2) (9,4) (41,3)
-1
